1
0.993723
0.982775
0.969992
0.955666
0.940264
0.924222
0.907837
0.891275
0.874624
0.857926
0.841202
0.824462
0.807711
0.790953
0.77419
0.757424
0.740656
0.723887
0.707119
0.690352
0.673589
0.65683
0.640077
0.623332
0.606594
0.589867
0.573152
0.556449
0.539761
0.52309
0.506436
0.489803
0.473192
0.456605
0.440044
0.423513
0.407014
0.390549
0.374123
0.357739
0.341401
0.325114
0.308883
0.292715
0.276617
0.260598
0.244668
0.228839
0.213128
0.197554
0.182143
0.166928
0.151958
0.137297
0.123034
0.10929
0.096218
0.083993
0.072782
0.062705
0.053802
0.046033
0.039294
0.033459
0.028396
0.023986
0.020129
0.016743
0.013763
0.01114
0.008834
0.00682
0.005078
0.003599
0.002378
0.001413
0.000704
0.000246
0.000026
0.000026
0.000246
0.000704
0.001413
0.002378
0.003599
0.005078
0.00682
0.008834
0.01114
0.013763
0.016743
0.020129
0.023986
0.028396
0.033459
0.039295
0.046033
0.053802
0.062705
0.072782
0.083993
0.096218
0.10929
0.123034
0.137297
0.151958
0.166928
0.182143
0.197554
0.213128
0.228839
0.244668
0.260598
0.276617
0.292715
0.308883
0.325114
0.341401
0.357739
0.374123
0.390549
0.407014
0.423513
0.440044
0.456605
0.473192
0.489803
0.506436
0.52309
0.539761
0.556449
0.573152
0.589867
0.606594
0.623332
0.640078
0.65683
0.673589
0.690352
0.707119
0.723887
0.740656
0.757424
0.77419
0.790953
0.807711
0.824462
0.841202
0.857926
0.874624
0.891275
0.907837
0.924222
0.940264
0.955666
0.969992
0.982775
0.993723
1
