0.00126
0.002137
0.003651
0.005394
0.007315
0.009344
0.011418
0.013497
0.015558
0.017591
0.01959
0.021554
0.023482
0.025373
0.027228
0.029046
0.030826
0.03257
0.034276
0.035943
0.037571
0.039159
0.040706
0.042211
0.043672
0.045088
0.046458
0.047778
0.049048
0.050265
0.051426
0.05253
0.053572
0.054551
0.055463
0.056305
0.057072
0.057761
0.058368
0.058888
0.059317
0.059648
0.059878
0.059999
0.060006
0.059891
0.059649
0.05927
0.058747
0.05807
0.057232
0.056222
0.05503
0.053649
0.052071
0.050294
0.048323
0.046177
0.043888
0.041503
0.039079
0.036668
0.03431
0.032026
0.029826
0.027706
0.025657
0.023668
0.021726
0.019819
0.017934
0.016059
0.014186
0.012305
0.010412
0.008506
0.00659
0.004674
0.002774
0.00091
-0.00091
-0.002774
-0.004674
-0.00659
-0.008506
-0.010412
-0.012305
-0.014186
-0.016059
-0.017934
-0.019819
-0.021726
-0.023668
-0.025657
-0.027706
-0.029826
-0.032026
-0.03431
-0.036668
-0.039079
-0.041503
-0.043888
-0.046177
-0.048323
-0.050294
-0.052071
-0.053649
-0.05503
-0.056222
-0.057232
-0.05807
-0.058747
-0.05927
-0.059649
-0.059891
-0.060006
-0.059999
-0.059878
-0.059648
-0.059317
-0.058888
-0.058368
-0.057761
-0.057072
-0.056305
-0.055463
-0.054551
-0.053572
-0.05253
-0.051426
-0.050265
-0.049048
-0.047778
-0.046458
-0.045088
-0.043672
-0.042211
-0.040706
-0.039159
-0.037571
-0.035943
-0.034276
-0.03257
-0.030826
-0.029046
-0.027228
-0.025373
-0.023482
-0.021554
-0.01959
-0.017591
-0.015558
-0.013497
-0.011418
-0.009344
-0.007315
-0.005394
-0.003651
-0.002137
-0.00126
